30:[406,93,470,152]
60:[418,97,480,157]
90:[403,92,477,166][165,72,222,124]
120:[171,68,232,129][392,90,463,171]
150:[403,85,470,159][443,71,490,133][217,75,273,139]
180:[408,88,467,158][453,69,506,144][263,90,320,151]
210:[272,84,340,162][405,92,473,171][470,81,526,155]
240:[302,97,372,176][404,97,469,167][500,94,571,176]
270:[315,107,396,199][414,88,478,162]
300:[293,116,376,201][406,93,476,167]
330:[270,125,346,216][406,91,476,167]
360:[334,148,435,243][413,89,493,172]
390:[341,138,425,230][407,96,473,164]
420:[329,135,417,235][397,92,463,171][511,64,573,138]
450:[323,143,420,266][395,92,443,171][498,73,560,131]
480:[335,138,417,232][408,92,473,172][506,78,561,140]
510:[338,145,434,237][488,113,553,191]
540:[318,142,408,237][501,134,564,215][519,57,566,124]
570:[321,144,422,247][487,135,563,220][506,70,577,134]
600:[329,131,427,238][511,121,578,210][503,58,570,127]
630:[323,146,412,232][501,66,556,120]
660:[310,141,406,246][465,155,559,260]
690:[285,125,363,211][463,161,553,272][477,53,561,128]
720:[252,113,343,209][485,163,559,257][461,59,527,137][507,47,585,128]
750:[290,103,386,194][466,198,565,314][459,48,527,137][505,42,577,128]
780:[403,90,487,178][462,60,520,128][488,190,575,290][180,336,344,476]
810:[170,336,336,471][480,158,566,254][452,58,525,123]
840:[459,56,533,129][479,163,567,264][182,359,331,478]
870:[462,56,542,137][479,174,565,271][150,354,364,472]
900:[458,52,540,144][469,190,575,313][159,348,318,476]
930:[459,53,526,144][444,183,545,300][174,349,329,474]
960:[139,348,337,474][453,156,547,253][454,59,535,129]
990:[441,71,523,138][410,168,501,262][173,350,339,481]
1020:[411,58,497,143][505,120,579,211][400,169,500,285][165,351,347,469]
1050:[500,120,585,217][415,57,481,152][413,186,500,293][157,348,332,472]
1080:[407,54,483,134][499,125,587,200][415,171,500,268][148,335,315,481]
1110:[424,58,511,139][510,112,586,204][422,154,511,259][128,333,309,470][4,150,73,265]
1140:[452,62,521,140][454,154,531,255][146,324,309,479][18,131,172,273][492,49,560,127]
1170:[156,161,311,283][447,154,558,265][494,70,560,133][474,52,537,109][128,324,335,478]
1200:[451,50,521,104][458,153,540,256][520,58,583,131][346,172,477,308][151,311,345,473]
1230:[441,53,509,120][375,168,488,324][135,257,324,445]
1260:[149,270,323,430][339,175,481,327][492,188,579,312][453,57,511,122]
1290:[457,50,517,122][350,177,471,328][137,254,306,447]
1320:[453,59,527,152][478,162,562,274][335,166,483,319][139,285,312,471]
1350:[431,56,504,133][428,96,518,183][449,156,556,284][385,166,512,317]
1380:[317,115,405,195][429,69,488,133][454,162,552,275][392,166,498,313][525,59,594,131]
1410:[266,127,379,241][348,162,469,309][476,173,568,294][399,81,466,154][462,67,523,156]
1440:[122,343,322,477][200,129,306,248][347,164,463,297][476,162,559,270][494,82,561,149][371,67,464,143]
1470:[334,100,414,180][172,145,286,255][167,323,333,474][347,149,467,282][454,179,554,300]
1500:[260,84,340,174][171,138,292,248][361,158,485,310][501,59,594,154][164,331,337,480][452,181,589,302]
1530:[171,106,258,192][141,159,255,272][145,337,351,471][354,137,509,301][526,64,604,140]
1560:[78,92,188,187][102,177,230,299][144,336,331,471][329,152,453,275][488,190,596,302][510,44,618,156]
1590:[4,96,102,212][43,197,162,301][141,330,311,469][337,162,477,309][497,191,601,300][515,52,616,165]
1620:[84,170,232,302][155,347,307,476][338,169,468,311][499,165,601,297]
1650:[523,66,602,157][339,155,478,323][199,178,319,313][125,345,350,479]
1680:[401,175,534,306][534,57,626,141][258,201,375,342][113,341,323,484]
1710:[157,277,332,434][396,156,531,300][511,54,601,150]
1740:[107,241,292,438][305,159,422,310][518,56,619,159]
1770:[62,163,201,325][292,172,472,377][428,258,542,393]
1800:[76,136,195,259][299,172,438,317][519,60,594,149]
1830:[9,100,79,193][63,127,170,251][293,170,417,330][433,227,555,355]
1860:[16,141,126,256][59,109,151,214][310,171,446,311][520,56,609,147]
1890:[5,175,113,323][142,113,247,227][291,173,433,317][517,62,597,143]
1920:[244,118,358,215][307,169,437,313][525,72,605,146]
1950:[310,159,456,318][350,91,451,190][517,59,644,178]
1980:[293,187,432,338][367,176,489,302][390,87,473,179][525,62,623,159]
2010:[262,200,385,323][411,80,493,166][521,45,619,145]
2040:[194,198,330,346][402,60,512,164][531,54,602,138]
2070:[231,226,367,369][420,80,499,167]
2100:[226,259,368,404][487,161,571,244][407,67,483,133]
2130:[228,261,373,403][489,146,586,240]
2160:[230,236,363,397][426,295,518,384][506,143,608,260]
2190:[476,154,566,254][364,262,466,391][207,250,354,391]
2220:[476,171,574,284][379,348,491,459][218,241,335,385]
2250:[14,140,88,262][4,97,78,179][202,212,334,360][363,363,492,475][496,162,565,240][526,64,605,143]
2280:[522,60,594,152][486,164,575,276][381,354,496,466][215,253,327,394]59,154][3,91,91,173]
2310:[6,76,96,156][215,225,337,365][374,357,475,451][514,58,591,122]
2340:[3,62,64,135][216,214,335,354][383,346,470,426][525,46,598,128]
2370:[519,65,615,164][384,343,472,454][208,236,375,385]
2400:[527,62,611,154][384,364,470,436][207,253,346,383]
2430:[221,228,361,382][393,349,492,458][494,62,630,190]
2460:[123,241,282,402][384,356,520,483][532,73,612,163]
2490:[504,55,600,151][361,334,478,471][56,227,225,362]
2520:[56,230,208,368][357,348,492,462][509,60,611,178]
2550:[515,74,607,164][341,343,452,444][67,217,229,354]
2580:[525,79,597,144][461,188,566,287][369,330,478,452]
2610:[519,49,607,128][492,179,594,289][348,352,487,471]
2640:[366,330,495,470][473,182,559,283]
2670:[432,170,563,304][354,359,484,456][228,360,408,477]
2700:[121,283,365,442][378,363,483,452][481,151,590,257][529,73,589,132]
2730:[85,265,250,404][358,364,471,454][497,158,596,268][510,60,588,131]
2760:[207,255,373,423][352,350,470,464][495,160,575,237][518,56,593,136]
2790:[234,238,368,390][363,350,466,469][499,139,581,231]
2820:[191,252,341,398][355,365,474,470][505,152,615,257]
2850:[210,261,385,427][356,344,494,493][526,156,612,249]
2880:[208,266,364,416][363,354,450,448][520,157,603,262][514,48,576,118][428,77,477,126]
2910:[170,83,236,144][192,247,343,414][373,365,472,451][489,168,574,261][411,65,488,138][513,66,583,128]
2940:[173,77,230,153][246,269,356,369][367,363,456,448][468,198,579,280][519,60,589,148][402,56,484,141]
2970:[165,82,249,156][273,269,397,392][358,350,464,460][468,201,577,322][422,69,511,127]
3000:[428,69,506,147][474,224,557,352][374,364,462,451][233,265,355,395][168,76,249,132][524,63,597,143]
3030:[207,255,329,387][467,227,560,316][372,353,494,453]
3060:[185,263,373,391][366,336,465,447][464,238,572,347]
3090:[214,259,367,389][335,335,470,458][429,231,532,350]
3120:[265,261,403,411][367,361,484,476][437,166,547,291][431,131,524,212][3,97,55,171]
3150:[25,108,119,218][198,263,310,403][350,346,487,467][436,185,534,265][377,129,464,227]
3180:[15,108,121,223][98,261,235,403][321,145,432,244][457,160,546,277][401,342,490,445]
3210:[182,77,260,162][279,156,364,244][477,166,571,260][386,337,494,443][81,279,220,400][2,147,102,246]
3240:[96,124,214,225][208,88,281,171][257,154,323,234][473,156,566,272][384,347,497,453][112,232,247,379]
3270:[69,119,169,215][245,99,343,197][258,158,336,242][444,169,530,271][384,350,519,461][93,217,226,347]
3300:[2,101,91,188][8,195,94,292][198,174,294,269][265,100,373,189][458,158,544,266][413,362,501,449]
3330:[491,156,577,260][390,347,527,465][171,203,221,277][281,104,348,185]
3360:[132,198,223,286][174,119,249,212][417,76,479,127][424,337,515,434]
3390:[102,111,187,207][134,185,241,285][393,347,498,441][496,168,584,249][446,72,510,143][521,64,596,140]
3420:[55,126,136,206][100,180,188,290][339,339,445,424][508,142,592,235][458,61,508,124]
3450:[491,71,576,157][344,252,479,389][85,217,172,306][49,119,134,210]
3480:[53,108,148,193][4,123,81,208][73,188,175,304][148,165,276,300][523,59,597,147]
3510:[58,115,158,206][21,102,91,183][64,198,180,318][2,180,76,305]
3540:[116,253,254,358][70,196,161,299][44,99,143,209][3,111,92,200]
3570:[30,114,115,189][9,101,78,181][55,189,159,309][135,262,266,403]
3600:[86,192,177,281][45,108,117,196][9,94,89,167]
3630:[94,193,181,296][50,108,122,189][9,98,79,173]
3660:[74,207,205,338][54,103,118,185][8,99,77,171]
3690:[52,205,209,354][26,109,97,188][7,102,61,162]
3720:[486,159,592,258][223,220,374,354][66,236,164,341][30,105,118,202]
3750:[40,124,127,212][391,228,498,341][459,187,562,279]
3780:[30,114,112,200][420,249,526,346][450,313,556,415]
3810:[343,230,432,323][452,308,546,401][528,58,607,145][22,114,123,203]
3840:[400,297,540,427][343,242,457,353][488,57,574,151][47,104,131,186]
3870:[33,102,136,212][452,60,517,137][334,261,420,358][384,290,544,448]
3900:[415,314,556,466][324,261,451,395][21,94,93,175]
3930:[21,94,104,199][347,258,437,359][429,326,541,444]
3960:[419,326,543,452][333,259,469,395][29,101,108,190]
3990:[12,98,100,181][347,260,463,365][421,324,569,471]
4020:[353,265,454,364][436,74,505,143][19,99,109,195]
4050:[345,285,452,375][404,75,523,169][2,110,60,195]
4080:[390,83,470,170][351,275,439,366][3,102,53,177]
4110:[20,102,86,178][351,89,433,163][349,265,443,359][447,274,550,381]
4140:[266,102,329,179][362,166,480,313][21,102,88,189]
4170:[20,89,98,176][174,107,240,195][371,158,483,305]
4200:[434,187,552,330][60,107,131,186][20,81,91,178]
4230:[29,104,100,185][6,106,67,188][469,178,582,317][330,267,443,396]
4260:[345,274,422,360][460,165,566,306][22,103,83,179]
4290:[25,101,101,195][449,184,553,312][359,251,447,360]
4320:[13,93,96,190][329,248,421,358][467,185,584,331]
4350:[11,99,77,196][333,264,431,352][481,175,573,298]
4380:[120,189,254,337][325,274,437,380]
4410:[268,299,413,437][349,273,443,381]
4440:[342,269,436,359]
4470:[253,223,370,355][332,253,440,370]
4500:[235,195,384,355][324,267,424,395]
4530:[294,204,415,359]
4560:[413,82,481,157][290,202,400,358]
4590:[250,214,393,393][375,259,495,411][412,96,477,160]
4620:[259,194,383,346][354,249,445,371][424,131,481,195]
4650:[409,123,482,200][338,242,424,342][295,351,402,449]
4680:[403,120,479,197][328,254,415,348][291,384,402,492]
4710:[416,121,481,184][305,242,409,349][296,380,394,464]
4740:[406,116,473,187][315,268,411,367][291,376,392,477]
4770:[413,82,472,145][322,262,413,365][293,378,400,483]
4800:[346,269,436,360][339,381,430,470]
4830:[311,393,408,465][293,243,394,331]
4860:[357,292,452,387][338,398,423,467]
4890:[380,325,473,405][309,379,420,453]
4920:[406,69,475,136][331,243,420,340][307,372,404,476]
4950:[403,84,480,164][341,255,431,367][294,380,399,455]
4980:[337,242,427,340][287,382,389,472]
5010:[328,246,425,339][282,362,400,469]
5040:[351,241,453,357][298,384,387,477]
5070:[338,244,439,343][303,388,397,472]
5100:[341,248,440,339][412,84,465,141][293,383,399,472]
5130:[412,76,477,158][331,244,432,356][276,375,382,459]
5160:[347,255,442,363][418,72,473,157][284,372,388,472]
5190:[258,375,396,463][343,281,425,378][414,70,480,145]
5220:[416,86,481,158][380,261,458,369][318,395,407,469]
5250:[413,74,480,146][354,278,460,402][315,401,406,471]
5280:[408,79,485,168][368,276,435,379][316,400,378,469]
5310:[301,381,398,460][392,299,478,387][426,94,472,156]
5340:[423,89,494,170][451,302,549,422][310,384,394,472]
5370:[310,383,410,466][396,311,480,413][420,79,481,155]
5400:[415,90,494,169][397,308,467,399][325,389,407,469]
5430:[313,373,388,458][389,313,481,410]
5460:[369,328,488,436][306,379,415,472]
5490:[304,375,411,481][403,314,507,428]
5520:[316,384,414,479][458,329,571,441]
5550:[366,279,449,359][324,375,414,461]
5580:[380,280,464,366][319,373,409,461]
5610:[297,381,403,450][388,267,479,370][482,65,550,140][3,89,57,168]
5640:[370,272,449,341][287,379,366,465][420,69,476,137]
5670:[360,248,455,363][298,374,389,471][15,92,103,187]
5700:[6,104,119,216][279,368,383,465][355,259,442,346]
5730:[355,254,450,346][302,387,388,468][89,75,182,167]
5760:[58,100,147,191][360,266,443,366][307,394,384,473]
5790:[340,283,435,373][297,397,381,478]
5820:[326,269,411,352][485,71,554,153][298,381,397,469]
5850:[336,254,422,332][499,70,575,146][303,382,386,463]
5880:[287,386,403,464][413,296,495,391][500,68,560,144]
5910:[476,72,578,191][374,249,441,323][294,383,397,467][11,154,105,268]
5940:[3,118,46,182][402,199,480,286][469,62,554,149][299,385,384,473]
5970:[490,77,545,138][394,159,479,274][290,399,393,478]
6000:[434,163,519,247][490,78,542,147][302,391,401,476]
6030:[434,160,534,251][484,65,552,137][310,373,393,467]
6060:[438,153,505,245][487,70,554,138][308,371,386,469]
6090:[311,382,387,472][457,171,550,271][486,69,557,143]
6120:[482,70,563,165][499,227,605,353][295,383,388,473]
6150:[468,62,546,153][435,335,552,450][292,377,394,471]
6180:[456,72,563,173][460,334,549,442][294,372,393,480]
6210:[301,358,405,447][483,78,575,171]
6240:[467,79,566,187][299,390,389,471][453,362,557,464]
6270:[428,323,516,432][476,67,561,161][280,375,392,473]
6300:[276,379,384,487][392,292,527,444][484,66,599,179]
6330:[466,68,554,148][413,64,484,172][438,317,541,445][275,391,374,477]
6360:[446,176,572,300][485,63,550,145][277,383,377,474]
6390:[268,383,394,476][501,162,580,263][481,64,552,154]
6420:[448,72,533,155][280,376,373,477]
6450:[482,63,553,144][279,366,389,479]
6480:[286,376,392,474][466,61,543,158]
6510:[456,69,534,152][279,360,387,474]
6540:[274,376,390,476][453,57,527,137]
6570:[283,379,390,472][455,69,537,156]
6600:[449,61,538,162][287,369,389,473]
6630:[452,67,531,156][281,382,399,478]
6660:[448,73,530,158][284,361,390,471]
6690:[451,68,529,175][284,375,387,472]
6720:[472,72,549,154][285,387,392,467]
6750:[464,67,549,156][503,169,596,281][297,388,413,475]
6780:[470,82,546,144][488,157,606,275][307,372,429,472]
6810:[455,58,566,168][288,379,376,471][510,171,624,283]
6840:[471,74,544,146][249,363,403,478]
6870:[271,385,393,489][472,70,555,148]
6900:[445,72,532,162][269,380,387,480]
6930:[277,373,391,466][466,64,568,188]
6960:[467,77,544,140][285,367,377,472][0,138,102,260]
6990:[249,345,379,468][460,74,567,205]
7020:[120,182,233,283][440,63,550,172][503,133,602,286][4,108,78,212]
7050:[322,182,435,308][461,63,536,157]
7080:[466,77,540,159][96,171,247,296]
7110:[12,146,124,275][463,77,535,150]
7140:[2,125,107,242][468,64,561,160]
7170:[463,78,576,167][1,107,84,216]
7200:[1,97,75,199][465,71,550,161]
7230:[458,80,567,172]
7260:[463,79,573,200]
7290:[13,86,85,172][461,76,551,171]
7320:[10,88,110,201][444,80,571,190]
7350:[470,87,551,183][14,77,90,171]
7380:[16,93,90,187][469,75,553,173]
7410:[465,79,543,179][4,89,65,162]
7440:[13,82,95,177][470,73,554,170]
7470:[474,70,550,154][13,80,94,174]
7500:[9,76,82,182][449,86,551,179]
7530:[12,80,92,170][475,72,552,170]
7560:[461,71,555,171]
7590:[454,70,570,182]
7620:[462,74,535,155]
7650:[460,81,544,166][3,87,82,186]
7680:[20,79,94,166][455,64,547,182]
7710:[450,72,529,160][30,74,96,144]
7740:[11,82,76,168][466,77,545,174][483,164,580,275]
7770:[452,72,574,198][487,205,612,336][3,72,83,168]
7800:[8,70,67,148][401,191,509,309][459,74,552,174]
7830:[456,76,549,158][303,244,437,359][5,76,76,159]
7860:[473,78,538,159][142,255,290,378][4,64,97,167]
7890:[7,87,110,191][450,74,560,193]
7920:[452,76,553,185][17,91,86,174]
7950:[4,91,66,183][176,279,329,423][468,67,581,190]
7980:[471,64,563,149][6,78,72,163]
8010:[11,89,101,191][241,337,372,465][476,70,561,168]
8040:[498,76,574,158][246,255,353,383][39,110,121,192][16,70,88,164]
8070:[27,96,104,184][175,191,296,288][302,284,433,426][515,76,601,179]
8100:[8,92,83,165][216,252,369,394][550,73,623,158]
8130:[226,265,356,384][4,83,85,187]
8160:[29,111,104,190][202,236,350,391]
8190:[45,186,148,276][278,256,435,403]
8220:[54,163,126,248][3,85,68,157][191,329,275,424][329,280,473,435]
8250:[23,97,111,199][217,322,324,422][297,241,445,404]
8280:[415,209,544,352][215,335,330,451][6,76,90,164]
8310:[5,79,70,168][202,314,304,410]
8340:[458,183,581,332][195,310,318,439][6,75,89,154]
8370:[8,80,71,175][104,175,255,314][479,192,576,306]
8400:[457,178,611,325][11,77,80,156]
8430:[36,81,108,152][492,183,611,329]
8460:[467,187,603,337][38,78,109,175]
8490:[52,92,156,201][434,181,553,323]
8520:[447,188,585,323][20,88,106,193]
8550:[47,82,174,206]
8580:[35,88,162,210][471,207,585,326]
8610:[93,98,199,207]
8640:[85,104,184,205]
8670:[470,200,581,311][71,112,189,220][6,113,66,203]
8700:[9,110,84,197][79,90,144,183]
8730:[6,109,68,189][84,86,174,189]
8760:[3,104,78,198][87,101,272,260][466,201,600,347]
8790:[447,222,575,349][53,100,140,203]
8820:[48,99,163,197][461,210,550,335]
8850:[442,207,551,306][20,80,112,186]
8880:[17,94,105,179][372,217,505,327][408,65,470,142]
8910:[407,64,483,150][300,223,444,379]
8940:[404,58,465,114][482,43,570,142][308,228,421,341]
8970:[441,60,512,130][337,239,450,354][409,58,477,131]
9000:[412,55,488,128][442,26,535,163][351,240,488,384]
9030:[431,69,505,132][515,56,593,135][336,202,466,326]
9060:[345,217,463,331][434,59,536,169]
9090:[422,56,490,128][494,68,585,151][363,228,491,346]
9120:[348,219,474,341][410,56,491,136]
9150:[408,55,496,152][327,209,464,345]
9180:[418,60,475,126][349,202,466,324]
9210:[408,48,476,134][373,205,499,339]
9240:[449,69,543,203][392,244,521,381]
9270:[473,75,551,160][425,252,561,414]
9300:[488,80,588,199][461,310,560,421]
9330:[468,64,553,167]
9360:[417,292,587,420][490,65,589,170][2,91,67,192]
9390:[12,93,128,227][479,58,609,190]
9420:[486,66,578,166][5,76,99,198]
9450:[4,97,96,197][500,64,605,152]
9480:[10,92,134,211][394,267,545,408][489,52,588,149]
9510:[489,63,593,203][0,92,100,209]
9540:[5,87,106,220][469,52,589,171]
9570:[526,48,617,165][6,90,118,212]
9600:[12,88,120,195][381,210,507,345]
9630:[397,212,513,335][9,82,83,186]
9660:[9,83,84,174][389,192,541,340]
9690:[415,213,518,330][11,84,102,178]
9720:[15,92,101,193][375,199,503,319]
9750:[392,193,520,333][10,88,110,200]
9780:[1,85,107,200][386,173,495,311][496,312,498,314][480,105,588,180]
9810:[502,112,590,201][383,183,491,303][6,84,112,194]
9840:[16,93,158,220][382,203,497,302]
9870:[397,197,523,322][12,95,110,197]
9900:[28,101,135,199][373,206,480,300]
9930:[412,206,499,304][490,128,586,230][12,85,107,189]
9960:[6,106,50,179][32,86,120,172][380,193,477,312][506,126,597,224]
9990:[378,201,488,322][21,93,110,187]
10020:[27,105,129,187][388,205,513,317]
10050:[449,205,556,342][2,101,117,206]
10080:[28,100,177,229][404,265,524,382]
10110:[21,100,165,221][380,246,550,393]
10140:[402,268,571,414][50,99,201,232]
10170:[65,114,163,191][455,263,548,373]
10200:[400,258,565,406][62,95,217,223]
10230:[63,98,187,224][390,257,546,408]
10260:[386,241,537,388][39,142,170,284][39,97,128,175]
10290:[0,82,106,192][211,130,313,234][403,217,564,402]
10320:[358,123,450,216]
10350:[8,124,106,247][430,106,528,188][451,257,567,382]
10380:[3,164,116,293][399,260,518,370][467,103,551,187][508,71,582,148]
10410:[96,180,222,295][433,284,549,370][467,117,538,190][436,45,513,137]
10440:[158,146,300,278][497,102,582,203][399,293,545,410]
10470:[126,148,260,263][496,100,573,174]
10500:[508,102,574,158][348,338,501,464][53,169,169,295]
10530:[3,149,141,299][518,92,598,167]
10560:[53,133,190,237][215,199,325,323][512,102,608,202]
10590:[513,106,583,165][102,114,209,200][96,196,222,313]
10620:[1,162,88,243][163,94,276,209][417,82,511,173][515,109,585,188]
10650:[415,80,475,147][105,86,213,186][47,153,131,236]
10680:[10,129,101,219][123,87,221,173][370,78,448,157]
10710:[307,83,362,141][145,79,237,186]
10740:[124,83,226,191][223,66,307,154]
10770:[390,69,463,150][178,68,263,150][134,83,227,190]
10800:[134,79,235,166][394,73,473,154]
10830:[416,87,489,157][106,84,201,185][136,71,214,151]
10860:[61,101,148,178][403,73,481,154][396,37,457,107]
10890:[422,92,499,173][15,81,107,180]
10920:[3,84,105,180][423,88,530,198]
10950:[419,103,491,186][470,63,525,138]
10980:[491,61,559,133][397,77,476,161]
11010:[376,84,477,177][503,63,572,140]
11040:[358,93,464,193]
11070:[332,104,408,180]
11100:[264,114,353,231]
11130:[196,120,296,234][500,61,603,161]
11160:[460,66,564,152][123,126,255,250]
11190:[464,119,540,197][499,54,591,152][76,125,170,216]
11220:[21,127,126,227][407,119,498,205][479,77,588,184]
11250:[485,90,605,221][414,118,525,236][1,121,96,236]
11280:[0,115,89,211][387,93,491,199][490,93,580,205]
11310:[389,105,536,254]
11340:[452,127,556,236][42,166,180,295][19,111,128,231]
11370:[25,111,119,195][445,219,579,336]
11400:[480,144,585,255][2,92,80,179]
11430:
11460:
11490:
11520:
11550:
11580:
11610:
11640:
11670:
11700:[3,84,92,191]
11730:[5,83,71,188]
11760:
11790:[5,84,89,180]
11820:[6,95,120,204]
11850:[31,89,127,197]
11880:[37,91,128,196]
11910:[37,84,131,202]
11940:[5,107,104,244]
11970:
12000:
12030:[461,71,535,126]
12060:[439,52,505,120]
12090:[424,56,496,128]
12120:[427,59,490,123]
12150:[418,52,508,141]
12180:[495,53,564,139]
12210:
12240:
12270:
12300:
12330:
12360:
12390:
12420:
12450:
12480:[1,73,65,147]
12510:
12540:[10,81,97,164]
12570:[1,82,82,185]
12600:[35,101,124,184]
12630:[31,105,145,218]
12660:[57,115,140,206]
12690:[48,110,136,196]
12720:[60,103,147,200]
12750:[53,103,158,202]
12780:[49,110,134,202]
12810:[50,106,143,214][440,54,497,126]
12840:[86,110,153,191][458,66,521,133]
12870:[89,110,182,193][460,57,538,138]
12900:[66,112,172,206][500,89,582,172]
12930:[47,106,153,201]
12960:[9,100,110,205][472,97,562,181]
12990:[490,86,573,188][35,79,137,187]
13020:[18,88,116,181][493,88,573,179]
13050:[473,80,570,165][21,78,123,160]
13080:[488,93,575,199][6,83,71,167]
13110:[1,81,65,163][469,108,579,232]
13140:[494,118,579,244]
13170:[465,99,568,219]
13200:[438,68,529,177]
13230:[474,79,560,182]
13260:[488,83,577,208]
13290:[481,82,585,232]
13320:
13350:[464,63,572,204]
13380:[468,58,564,163][3,119,68,208]
13410:87,210][470,55,566,151]
13440:[481,41,562,125][23,189,171,377][13,114,92,212]
13470:[21,128,101,204][158,181,308,325][461,59,565,188]
13500:[179,224,364,399][478,68,604,215][23,120,89,206]
13530:[25,121,124,234][176,135,288,227][473,50,581,147][128,224,275,376]
13560:[357,71,441,153][504,68,582,143][68,175,192,307][18,129,101,217]
13590:[12,125,131,265][484,54,579,146]
13620:[34,134,130,220]
13650:[471,98,567,199][14,105,139,245]
13680:[43,144,149,260][496,98,585,187]
13710:[28,142,103,194][496,102,554,171]
13740:[23,128,106,210]
13770:[478,118,553,221][30,128,99,205]
13800:[12,132,97,220][442,236,531,313][488,73,570,158]
13830:[435,210,528,300][503,61,585,154][24,128,117,229]
13860:[22,129,96,201][360,139,461,238]
13890:[405,58,484,129][218,145,322,234][20,123,117,205]
13920:[15,128,97,205][55,163,154,268][398,65,460,137]
13950:[36,136,106,205]
13980:[461,51,519,126][41,124,114,208]
14010:[43,126,119,211][429,59,498,140]
14040:[419,39,499,117][35,136,120,220]
14070:[52,126,117,197][461,48,529,128]
14100:[40,133,138,228][394,54,469,146][511,75,588,185]
14130:[442,74,518,168][40,135,149,244]
14160:[455,84,570,203][20,141,103,234]
14190:[19,131,95,207]
14220:[489,70,570,157][6,123,99,223]
14250:[10,120,84,190][453,80,539,173]
14280:[461,81,545,173]
14310:[437,76,536,194]
14340:[422,63,554,188]
14370:[468,71,561,171]
14400:[455,83,542,194]
14430:[441,77,538,188]
14460:[458,69,545,170]
14490:[447,76,538,189]
14520:[462,68,554,198]
14550:[456,69,555,181]
14580:[440,69,521,196]
14610:[425,65,540,185]
14640:[457,83,543,203]
14670:[450,76,509,167]
14700:[447,77,557,189]
14730:[456,72,564,182]
14760:[457,66,558,176]
14790:[456,68,550,198]
14820:[457,85,535,159][497,148,587,255]
14850:[467,152,554,259][466,75,561,173]
14880:[452,76,559,165][464,134,575,275]
14910:[469,71,554,169][462,161,564,286]
14940:[444,40,557,162][474,139,574,250]
14970:[452,59,564,185][479,156,571,266]
15000:[445,57,553,165]
15030:[464,65,551,158]
15060:[462,76,547,156]
15090:[447,69,540,165]
15120:[449,78,540,181]
15150:[459,91,544,190]
15180:[458,73,585,171]
15210:[455,74,536,166]
15240:[467,77,563,191][40,99,131,232]
15270:[47,122,148,206][453,72,547,177]
15300:[444,74,545,169][65,114,160,225]
15330:[11,100,119,225][451,54,561,165]
15360:[460,69,567,176][15,110,84,204]
15390:[10,100,101,214][473,72,559,170]
15420:[461,67,547,167]
15450:[462,87,550,173][8,92,104,193]
15480:[455,68,572,179]
15510:[472,77,551,165]
15540:[472,80,599,193]
15570:[455,82,
15600:[467,73,554,185]
15630:[467,82,536,170]
15660:[452,68,563,195]
15690:[451,74,556,205]
15720:[456,72,553,194]
15750:[455,68,556,175]
15780:[455,67,567,175][1,116,70,181]
15810:[466,65,586,192]
15840:[440,54,555,185]
15870:[443,73,554,191]
15900:[443,69,547,201]
15930:[466,80,553,175][425,47,501,135]
15960:[412,67,491,155][464,79,546,187]
15990:[410,57,486,140][467,88,542,180]
16020:[393,62,464,132][462,91,548,190]
16050:[440,59,552,173][386,43,453,122]
16080:[453,65,534,166]
16110:[437,69,538,188]
16140:[440,76,544,178]
16170:[413,50,476,131][468,89,545,192]
16200:[470,83,558,164][428,52,496,138]
16230:[418,55,535,187]
16260:[318,86,419,189][406,54,482,140]
16290:[398,58,493,170][184,86,310,204]
16320:[177,94,305,215][410,56,477,135]
16350:[398,56,505,160][164,99,280,213]
16380:[148,82,275,204]
16410:[389,59,475,133][191,77,269,180]
16440:[377,65,478,169][182,110,265,200]
16470:[167,107,287,222][419,53,505,140]
16500:[486,72,577,181][165,89,265,196]
16530:[176,86,293,200]
16560:[78,82,173,185]
16590:[3,80,72,166]
16620:
16650:
16680:
16710:
16740:
16770:
16800:
16830:
16860:
16890:
16920:
16950:[498,68,605,182]
16980:[452,61,563,178]
17010:[434,71,540,179]71,158][8,67,102,166]
17040:[32,75,133,165][465,75,560,189]
17070:[479,93,579,178][118,69,286,213]
17100:[318,78,428,191]
17130:[431,60,530,156][498,109,607,224]
17160:[457,72,545,175]
17190:[468,66,571,173]
17220:[421,52,530,165]
17250:[442,68,518,150]
17280:[419,62,517,159]
17310:[414,55,510,160]
17340:[430,58,512,146]
17370:[406,58,535,185]
17400:[437,63,533,180][372,77,447,151]
17430:[357,89,447,168]
17460:[359,77,466,191]
17490:[444,97,529,180]
17520:
17550:[433,105,554,216]
17580:[300,150,415,255]
17610:[375,71,438,152][29,179,169,327]
17640:[405,87,465,182]
17670:[416,85,518,191][5,131,68,201]
17700:[415,85,514,171]
17730:[430,92,527,175]
17760:[463,93,572,204]
17790:
17820:
17850:
17880:
17910:
17940:
17970:
18000:
18030:
18060:
18090:
18120:
18150:
18180:
18210:
18240:
18270:
18300:[479,76,600,209]
18330:[482,71,594,177]
18360:[1,98,90,192]
18390:[467,62,613,225]
18420:[1,169,89,276]
18450:[449,69,595,205]
18480:[499,60,600,193]
18510:
18540:
18570:
18600:[4,121,90,243]
18630:[481,50,602,169]
18660:
18690:
18720:
18750:
18780:
18810:
18840:
18870:
18900:
18930:
18960:
18990:
19020:
19050:
19080:
19110:[470,40,559,139]
19140:[467,54,549,144]
19170:[472,54,559,149]
19200:[466,50,545,139]
19230:[447,50,519,141]
19260:[450,59,552,169]
19290:[453,48,554,150]83,191]91,202][2,68,106,195]
19320:[411,60,489,154]
19350:
19380:[504,130,608,251]
19410:[498,133,584,224]
19440:[478,127,603,253][473,74,555,165]
19470:[406,63,495,164][485,143,592,249]
19500:[484,133,587,261][395,67,478,152]
19530:[402,72,488,153]
19560:[385,54,481,155]
19590:[405,65,486,152]
19620:[401,77,505,186]
19650:[403,69,468,160]
19680:[387,78,498,204]
19710:[260,76,367,191]
19740:[4,146,119,330]
19770:
19800:
19830:
19860:
19890:[470,161,616,303]
19920:[445,183,613,353]
19950:
19980:
20010:[469,189,598,293][134,125,253,260]
20040:[210,97,319,212][2,87,71,179]
20070:[313,83,428,212][434,215,555,353][66,72,154,185]
20100:[171,77,281,182][389,63,482,152][371,252,482,363]
20130:[487,60,553,140][442,48,497,132][307,76,397,163][313,275,441,416][2,123,68,204]
20160:[12,140,111,230][194,284,335,419][440,86,520,158][518,52,592,155]
20190:[489,55,552,121][423,39,500,125][124,155,247,271][154,279,281,405]
20220:[101,249,228,381][277,193,368,279][488,51,546,125][450,41,511,114]
20250:[449,60,551,181][398,184,520,338][63,256,184,390]
20280:[64,247,174,365][406,199,554,337][440,53,545,168]
20310:[458,45,562,160][450,214,569,342][97,240,207,370]
20340:[128,222,255,343][481,191,594,311][447,48,526,132]
20370:[444,64,526,154][465,163,591,323][140,178,298,332]
20400:[126,153,274,286][444,174,563,291][456,51,549,155]
20430:[148,147,312,275][450,178,584,312][500,52,569,143]
20460:[122,137,273,254][432,176,544,307][470,60,588,165]
20490:[492,45,586,162][451,203,567,337][62,157,177,259]
20520:[23,166,145,273][350,208,501,345][482,59,566,135]
20550:[488,57,582,151][442,51,519,136][324,221,457,355]
20580:[481,56,565,161][445,49,525,139][319,220,427,355]
20610:[323,229,470,366][501,48,585,139][454,54,513,132]
20640:[455,26,553,115][521,54,591,155][344,224,461,332]
20670:[307,223,433,326][526,51,588,124]
20700:[481,49,584,154][308,220,454,360]
20730:[481,68,572,155][322,215,492,375]
20760:[482,53,600,180][318,195,446,344]
20790:[322,222,460,320][490,63,572,153]
20820:[443,41,555,158][333,213,481,365][0,109,62,183]
20850:[19,112,127,232][317,206,441,329][452,71,531,144]
20880:[442,58,514,129][349,192,449,327][31,130,127,233]
20910:[459,56,549,158][478,179,575,289][22,105,127,217]
20940:[16,116,106,205][416,70,506,174]
20970:[395,49,507,156][522,61,619,190][23,105,131,214]
21000:[20,110,90,191][466,50,553,142][388,74,478,157]
21030:[12,107,93,193][381,87,450,158][415,43,508,142]
21060:[403,70,483,155][23,107,110,187]
21090:[27,104,124,195][403,66,497,170]
21120:[415,88,509,164][399,48,497,153][33,96,131,194]
21150:[19,124,132,234][377,33,454,115][426,68,523,179]
21180:[424,62,508,139][363,58,452,158][61,122,145,210]
21210:[84,158,187,251][449,74,517,163][401,77,493,176]
21240:[413,77,480,159][505,56,573,137][157,154,260,255]
21270:[214,179,352,278][505,76,588,160][338,97,460,198]
21300:[506,76,571,172][349,175,465,286][329,85,406,172]
21330:[299,119,402,192][431,181,520,273][429,88,503,161][488,62,566,155]
21360:[468,71,570,180][450,168,586,290][221,113,329,214][326,73,410,161]
21390:[445,59,552,146][232,121,321,210][273,88,360,180]
21420:[232,134,336,234][258,88,320,159][406,51,493,120][480,73,567,174]
21450:[487,89,552,152][392,54,472,123][233,86,305,174][183,176,320,277]
21480:[228,95,299,180][304,188,384,277][444,64,528,151]
21510:[454,67,527,144][443,145,527,254][169,69,302,184]
21540:[209,93,291,173][428,74,494,141]
21570:[387,73,466,159]
21600:[228,92,307,173][398,37,486,127]
21630:[226,94,314,176][404,49,491,142]
21660:[411,41,487,119][224,78,349,210]
21690:[213,97,314,200][410,82,479,158][400,45,518,152]
21720:[403,49,476,118][458,86,520,168][219,89,282,157]
21750:[243,95,323,166][400,38,460,107][482,76,560,160]
21780:[530,99,595,166][399,47,463,115][304,91,389,174]
21810:[410,53,476,111][377,86,459,168]
21840:[415,79,480,143][460,110,544,217]
21870:[455,111,562,217][416,52,495,141]
21900:[425,69,504,144][464,113,560,230]
21930:[436,50,524,138][460,172,558,276]
21960:[454,58,529,149][430,212,513,302][9,149,103,260]
21990:[8,120,78,202][407,212,504,296][411,74,470,129][454,50,517,144]
22020:[402,72,483,141][485,68,544,146][428,213,535,301]
22050:[408,75,456,128][477,70,563,160][404,207,524,323]
22080:[397,71,477,133][478,52,545,148][425,202,519,306]
22110:[438,55,510,137][485,75,551,159][439,215,522,303][391,68,460,130]
22140:[444,57,502,115][485,77,554,179][422,217,509,309]
22170:[410,55,511,149][522,67,599,171][439,215,517,302]
22200:[516,64,594,139][434,46,508,138][409,205,494,315]
22230:[434,60,511,138][499,67,594,167][447,227,524,339]
22260:[497,73,568,163][409,212,513,325]
22290:[401,188,493,284][7,115,83,192]
22320:[5,168,82,272][435,230,525,313][515,83,590,144]
22350:[431,201,513,288]
22380:[449,212,524,308]
22410:[446,209,529,306]
22440:[449,226,536,333]
22470:[435,225,522,314]
22500:[424,212,513,320]
22530:[441,216,526,321]
22560:[422,223,506,328]
22590:[428,220,518,330][506,45,619,171]
22620:[435,206,513,298][518,61,608,159]
22650:[447,200,529,297][504,53,586,137]
22680:[458,217,546,327]
22710:[442,209,514,295]
22740:[386,199,486,299]
22770:[258,222,388,326][415,211,538,330][512,59,591,143]
22800:[414,189,487,290][266,232,345,335][480,61,606,181]
22830:[432,242,512,306][333,261,424,400][500,80,585,179]
22860:[417,217,506,297][303,304,413,434]
22890:[425,216,521,309][340,297,468,437]
22920:[424,215,514,303][514,54,641,188][271,243,380,344]
22950:[243,261,400,369][440,192,526,277][526,66,619,172]
22980:[507,72,575,173][427,200,517,304][209,253,336,400]
23010:[245,261,355,407][444,215,564,355][533,63,628,148][1,153,103,288]
23040:[362,280,474,372][499,72,615,174][7,127,95,230]
23070:[2,109,127,231][379,249,535,395][519,66,605,138]
23100:[307,233,416,323][429,233,519,315][520,74,593,148][3,93,104,190]
23130:[324,230,421,336][427,223,527,312][516,65,602,159][13,98,124,215]
23160:[26,105,119,173][6,155,82,243][327,217,431,324][448,237,522,326][516,60,600,152]
23190:[321,228,473,352][463,234,532,311][261,99,351,192][28,90,124,177]
23220:[382,92,463,181][407,242,498,344][414,219,503,291][68,85,163,174]
23250:[430,225,509,295][438,279,526,391][508,60,592,143][311,95,416,194][68,98,152,172]
23280:[48,94,158,174][120,130,228,219][423,264,503,348][447,49,534,135]
23310:[406,52,474,131][392,256,511,380][458,221,537,314][115,149,208,256][40,87,136,184]
23340:[55,100,149,189][224,90,349,196][385,265,486,339][464,196,559,296]
23370:[441,202,548,315][405,264,532,378][254,91,361,190][46,95,114,177]
23400:[397,267,501,348][214,76,281,140][36,94,111,179]
23430:[41,114,161,225][183,73,252,125][329,214,462,312]
23460:[146,206,251,310][25,105,100,185][445,227,529,332]
23490:[423,246,542,345][25,110,88,167][29,158,112,239]
23520:[9,103,97,188][428,232,510,313][383,53,452,115]
23550:[440,231,531,319][381,53,454,122][488,61,576,161]
23580:[475,59,546,150][390,59,463,152][460,233,529,328][3,86,57,157]
23610:[5,149,75,244][445,214,531,274][455,59,529,138][394,39,471,129]
23640:[469,46,532,112][391,49,472,130][406,209,513,296][14,161,97,264]
23670:[458,50,530,138][402,208,495,301][12,184,93,283]
23700:[405,220,474,291][443,42,526,122]
23730:[405,219,496,302][460,56,523,124][0,102,92,196]
23760:[53,99,134,173][0,186,94,279][398,210,484,291][453,59,525,127]
23790:[470,46,533,114][453,201,546,295][74,108,153,200][6,158,119,268]
23820:[46,108,181,213][465,57,517,117]
23850:[451,55,540,129][145,126,247,222]
23880:[463,56,518,123][389,59,453,118][173,156,290,271]
23910:[173,272,296,366][411,75,463,140][453,51,519,124]
23940:[439,75,535,171][274,232,412,334]
23970:[221,274,339,359][484,225,555,303][445,88,522,162][452,56,516,118]
24000:[471,84,556,169][446,56,545,143][385,218,486,321][269,267,358,358]
24030:[275,241,381,330][391,202,489,287][470,97,570,181][449,54,521,117]
24060:[250,265,366,356][426,241,514,311][478,101,536,168][458,54,528,120]
24090:[467,95,556,178][462,217,546,302][221,273,324,359]
24120:[456,78,556,170][448,45,533,135][464,228,543,308][226,272,348,367]
24150:[222,275,343,365][454,237,542,318][472,101,541,169]
24180:[459,97,554,193][423,206,500,290][239,269,316,349]
24210:[228,269,355,387][503,184,579,259][446,91,562,200]
24240:[473,86,555,161][498,110,604,235][238,260,327,353]
24270:[507,97,585,169][461,83,542,164][223,256,334,349]
24300:[233,270,370,383][482,80,576,178][423,45,529,139]
24330:[443,59,530,143][496,103,595,215][250,275,359,355]
24360:[236,265,391,382][524,101,601,187][445,59,522,142]
24390:[424,53,533,152][497,97,581,202][268,264,361,350]
24420:[271,257,351,339][492,127,567,201][452,58,517,116]
24450:[471,64,540,141][475,127,563,211][269,242,384,339][27,132,134,240]
24480:[299,100,373,177][430,72,511,152][467,213,589,325][282,259,393,362]
24510:[416,80,487,146][517,67,599,160][453,219,550,323][270,238,374,352]
24540:[264,236,397,364]
24570:[205,266,313,352]
24600:[485,123,600,218][215,255,330,354]
24630:[215,286,350,375][444,95,545,179]
24660:[439,106,530,178][361,77,459,161][213,262,298,345]
24690:[228,104,300,181][458,83,529,148][228,262,329,377]
24720:[445,86,533,168][210,265,327,382]
24750:[207,250,333,384][452,174,552,287]
24780:[426,187,536,327][229,252,364,377]
24810:[212,279,340,389][452,162,578,277]
24840:[459,86,538,182][201,272,337,382]
24870:[219,266,298,368][436,82,529,171]
24900:[447,90,509,148][221,266,323,374]
24930:[462,92,565,184][193,265,321,395]
24960:[209,258,328,384][446,86,549,198]
24990:[467,85,540,179][229,262,313,367]
25020:[457,81,544,167][394,33,468,121][239,249,342,385]
25050:[400,65,468,138][384,88,449,171][457,84,543,183][250,266,355,374]
25080:[463,90,553,198][439,67,501,155][243,269,338,381]
25110:[233,269,347,373][462,111,568,214]
25140:[494,132,594,226][410,55,506,149][241,259,361,393]
25170:[231,262,392,380][477,123,569,207]
25200:[502,135,589,215][246,263,354,380]
25230:[251,270,369,379][471,165,591,284]
25260:[501,149,605,258][234,240,379,388]
25290:[236,253,336,344][480,126,556,193]
25320:[493,131,566,202][248,265,360,377]
25350:[235,262,329,362][481,111,538,207]
25380:[500,118,579,234][252,272,354,361]
25410:[454,156,510,234][247,257,384,381]
25440:[454,161,523,254][235,255,380,370]
25470:[444,181,534,264][487,129,557,203][231,262,357,387]
25500:[249,270,340,371][479,183,531,254][482,129,545,190]
25530:[243,262,363,384][449,177,541,279]
25560:[474,161,539,241][493,95,578,184][224,273,365,384]
25590:[476,144,572,248][231,281,365,377]
25620:[455,152,550,246][229,268,361,371]
25650:[437,145,551,267][252,274,387,390]
25680:[245,275,331,336][457,189,523,252][505,125,572,191]
25710:[458,158,531,259][509,119,569,190][246,272,329,349]
25740:[242,279,357,360][431,188,510,267][505,125,569,204]
25770:[247,282,341,344][464,172,558,272]
25800:[428,69,517,149][230,252,347,369]
25830:[237,272,346,357][378,45,442,124]
25860:[382,71,448,136][239,264,331,340]
25890:[390,65,483,160][235,260,344,359]
25920:[229,255,372,351][399,70,486,148]
25950:[431,48,513,135][508,114,575,218][422,226,508,336][250,266,341,347]
25980:[238,279,356,369][434,225,514,298][372,69,447,142]
26010:[321,73,444,204][470,214,559,304][240,253,366,367][5,168,112,295]
26040:[201,252,314,331][287,68,406,172][473,219,567,295]
26070:[479,207,555,300][283,67,370,164][216,236,327,329]
26100:[195,253,310,348][281,56,361,133][472,221,566,306]
26130:[481,227,557,309][286,76,356,151][214,260,332,346]
26160:[297,77,403,166][218,254,341,358][470,245,561,324]
26190:[469,233,561,320][281,62,407,167][231,268,332,351]
26220:[300,87,359,146][484,104,557,181][473,230,563,318][222,267,357,381]
26250:[331,69,403,143][456,90,555,179][441,235,542,330][247,260,338,340]
26280:[326,71,406,139][437,94,507,173][450,218,540,313][215,262,300,349][6,143,88,229]
26310:[55,173,166,277][215,262,317,347][460,233,533,312][431,94,506,170][516,130,573,195][309,65,399,154]
26340:[421,109,521,201][473,208,550,299][320,81,419,191][236,255,347,354][143,216,284,314]
26370:[454,103,541,195][498,205,584,305][309,71,406,148][492,117,569,201][239,255,346,338][164,240,307,372]
26400:[228,264,364,384][466,229,556,305][505,117,569,186][427,99,499,175][308,81,423,157]
26430:[525,116,584,178][448,94,546,188][421,211,524,313][492,218,577,299][307,77,401,160][219,252,348,346]
26460:[319,78,391,148][431,85,515,182][499,182,575,262][508,106,591,181][227,252,354,362]
26490:[306,58,390,152][422,162,512,255][417,109,526,189][218,273,350,384][1,113,77,197]
26520:[10,142,152,275][158,216,274,332][257,274,339,345][464,224,540,318][432,121,511,189][303,66,412,157]
26550:[433,150,538,261][486,241,583,357][244,284,339,362][322,81,461,201]
26580:[309,81,391,163][238,260,337,349][437,169,520,245]
26610:[427,183,531,256][323,76,398,156][174,75,261,165][245,255,344,343]
26640:[245,258,358,352][438,169,524,262][320,60,420,166][179,73,235,139]
26670:[427,174,510,258][257,266,336,358][314,67,398,141][206,81,276,154]
26700:[239,272,356,351][244,80,325,157][310,59,408,149][421,183,506,257]
26730:[418,186,538,299][280,99,366,188][324,76,407,154][238,250,371,369]
26760:[317,78,379,145][350,109,432,178][411,101,503,205][258,262,354,382]
26790:[261,273,328,347][408,95,481,178][304,75,418,183]
26820:[489,109,590,214][323,70,434,167][413,166,533,280][245,248,337,351]
26850:[314,72,403,155][445,162,561,308][265,256,358,334]
26880:[319,88,391,153][414,176,521,297][245,252,348,362]
26910:[303,58,378,154][213,257,324,377][448,183,558,307]
26940:[485,74,562,148][346,56,416,158][236,250,351,362][452,188,532,265]
26970:[252,259,327,343][465,182,543,271][428,67,522,140][392,52,460,138]
27000:[410,60,519,152][441,165,518,253][217,268,349,362][15,89,106,180]
27030:[9,82,100,157][241,243,344,344][419,173,524,271][452,48,517,115]
27060:[454,70,520,134][442,164,545,256][240,259,344,348][2,82,98,169]
27090:[10,88,106,175][241,246,342,336][427,162,532,262][441,46,529,109]
27120:[437,122,506,184][450,49,516,107][248,257,356,361][1,90,65,164]
27150:[242,270,339,352][460,87,535,163][449,33,530,125]
27180:[424,55,495,127][464,105,531,176][253,265,372,348]
27210:[249,268,367,366][474,95,538,151][463,56,516,119]
27240:[451,62,515,121][464,113,528,177][511,112,595,189][245,265,358,347]
27270:[454,98,523,162][456,58,537,139][239,271,342,351]
27300:[237,272,370,375][521,101,592,180][447,58,544,152]
27330:[445,63,527,137][230,265,319,338]
27360:[261,264,359,367][512,122,582,185][432,84,525,175][461,52,505,118]
27390:[462,64,526,119][447,103,520,159][506,104,563,182][244,261,329,345]
27420:[441,60,505,111][451,92,518,170][504,118,564,207][244,267,373,360]
27450:[234,274,342,366][507,113,574,185][440,110,529,181][461,62,540,132]
27480:[439,59,532,140][502,99,571,182][249,270,313,355]
27510:[230,282,342,355][503,102,554,159][458,59,518,119]
27540:[426,71,493,140][496,96,559,186][242,260,335,357]
27570:[449,62,526,133][477,115,538,192][241,275,328,372]
27600:[501,130,594,217][437,59,527,144][228,264,333,353][38,167,115,236]
27630:[236,138,321,206][443,58,524,146][499,194,580,280][239,250,347,343]
27660:[332,121,405,179][444,63,508,136][244,266,342,353]
27690:[245,267,326,341][433,249,509,325][463,53,536,126][520,117,574,198][362,125,450,209]
27720:[261,132,336,200][440,122,499,180][462,216,540,301][228,252,338,354]
27750:[240,277,337,349][131,159,228,248][463,230,538,292][455,140,533,206]
27780:[430,130,513,208][480,233,549,297][394,75,460,144][226,256,349,351]
27810:[234,267,338,350][474,242,546,303][457,140,522,215][381,71,449,138]
27840:[381,69,455,133][433,135,541,240][482,245,593,356][221,243,321,337]
27870:[227,261,358,350][481,244,578,334][451,70,533,153][359,59,473,149]
27900:[409,88,471,145][470,63,533,139][495,240,577,316][244,258,348,344]
27930:[242,261,325,346][497,248,566,318][465,67,550,142][512,116,584,187][380,84,430,148]
27960:[469,72,531,135][498,233,582,327][376,102,439,174][240,260,339,341]
27990:[226,250,340,341][340,102,459,199][483,76,563,160][490,240,574,321]
28020:[2,151,107,244][241,258,333,346][464,244,549,313][340,103,458,203][471,68,547,143][518,117,579,189]
28050:[506,121,557,172][466,71,527,130][484,237,577,334][312,100,399,196][213,240,337,361]
28080:[233,276,340,352][324,122,366,165][466,67,537,141][486,230,570,320]
28110:[311,121,389,190][221,257,333,340][485,257,558,328][476,58,535,123][495,101,608,208]
28140:[462,52,539,141][456,209,549,340][249,105,321,172][247,271,340,354]
28170:[210,99,321,181][452,64,547,142][479,254,578,342][217,266,332,364]
28200:[166,108,258,169][253,270,338,346][482,243,558,316][456,50,547,124]
28230:[168,82,248,153][217,239,359,352][468,213,543,294][438,84,524,142]
28260:[443,72,513,138][463,214,554,291][259,264,341,350]
28290:[481,85,551,152][454,227,561,344][232,257,343,344]
28320:[243,248,334,332][441,204,544,298]
28350:[458,191,522,267][516,182,585,261][510,117,584,186][217,273,328,357]
28380:[459,199,524,275][187,259,319,363][2,102,57,186]
28410:[231,257,317,350][452,192,519,247]
28440:[467,186,554,270][207,254,321,351]
28470:[215,280,331,364][440,202,529,286]
28500:[488,146,587,243][444,177,505,261][234,246,358,359]
28530:[236,251,382,359][444,184,512,251]
28560:[453,199,552,295][214,267,292,351]
28590:[214,267,336,381][443,206,538,298]
28620:[438,202,516,265][510,153,587,238][239,251,347,366]
28650:[230,274,340,384][466,210,512,267][510,145,587,227]
28680:[447,179,551,295][234,259,322,356]
28710:[231,269,357,371][450,206,518,277]
28740:[469,162,561,248][207,256,330,374]
28770:[226,274,316,357][501,106,590,192][455,60,541,149]
28800:[455,62,532,128][384,83,473,176][209,258,329,365]
28830:[250,258,332,346][308,95,383,169][464,70,545,151]
28860:[445,50,549,157][226,78,275,132][208,275,305,367]
28890:[412,78,502,150][211,258,341,387]
28920:[475,85,535,149][261,83,344,166][209,251,327,377]
28950:[222,268,327,360][451,90,503,150][509,121,556,198][44,90,105,162]
28980:[488,125,550,177][430,83,511,177][229,259,324,356]
29010:[417,97,492,169][490,126,568,219][206,255,321,359]
29040:[10,101,75,165][204,267,320,357][419,79,484,148][521,122,573,201]
29070:[397,103,462,181][201,250,337,352][25,113,109,185]
29100:[66,138,138,192][231,278,304,343][326,94,393,171]
29130:[257,116,332,194][181,147,262,225][218,270,330,365]
29160:[150,118,253,201][307,131,365,203][226,270,346,378]
29190:[377,118,471,191][224,257,308,341][38,127,146,212]
29220:[2,103,58,184][236,258,332,339][407,109,478,174]
29250:[385,99,462,171][224,256,304,356]
29280:[447,162,494,220][235,265,333,370]
29310:[442,172,491,243][233,283,318,355]
29340:[433,174,493,251][209,265,324,361]
29370:[430,182,494,247][195,256,314,363]
29400:[426,191,482,258][239,259,360,365]
29430:[439,180,495,255][240,267,338,356]
29460:[423,175,483,235][206,269,333,387]
29490:[420,179,493,259][217,271,342,377]
29520:[418,181,494,256][207,277,333,378]
29550:[427,175,480,242][204,277,329,365]
29580:[428,190,498,261][216,281,314,374]
29610:[439,180,509,258][213,257,302,345][8,82,71,154]
29640:[19,103,112,196][208,251,357,341][410,183,524,292]
29670:[410,180,484,267][222,281,329,388][12,112,121,211]
29700:[232,272,329,353][440,105,522,182]
29730:[453,106,518,167][201,263,317,368]
29760:[221,268,310,343][504,112,579,203]
29790:[227,261,331,360]
29820:[233,254,339,347]
29850:[228,259,348,367]
29880:[237,254,350,344]
29910:[241,267,364,380]
29940:[243,259,337,342]
29970:[232,270,356,362]
30000:[242,269,339,351]
